0 1
3 4
6 7
9 10
11 12
13 14
15 16
17 18
19 20
21 18
22 16
23 20
24 25
26 27
28 29
30 31
32 33
34 18
35 36
37 38
39 40
41 42
43 44
45 46
47 12
48 18
49 50
51 52
53 54
55 18
56 50
57 18
58 1
59 60
61 62
63 16
64 44
65 66
67 68
69 12
70 12
71 72
73 74
75 18
76 66
77 78
79 80
81 16
82 83
84 85
86 50
87 38
88 89
90 18
91 12
92 93
94 18
95 96
97 46
98 68
99 100
101 72
102 18
103 46
104 105
106 107
108 109
110 111
112 18
113 18
114 10
115 10
116 50
117 18
118 20
119 50
120 16
121 89
122 50
123 72
124 10
125 12
126 46
127 12
128 129
130 131
132 20
133 134
135 18
136 18
137 89
138 139
140 50
141 18
142 18
143 144
145 66
146 72
147 148
149 16
150 151
152 153
154 16
155 156
157 158
159 160
97 46
161 100
162 72
163 85
164 40
165 166
167 131
168 169
170 72
171 172
173 50
174 175
176 44
145 66
177 27
178 179
180 181
111 182
183 72
184 185
186 18
187 72
188 18
189 16
190 18
191 192
193 194
188 18
195 196
197 198
7 85
199 40
200 18
179 46
201 202
67 196
203 46
204 50
205 72
206 107
207 18
208 209
210 211
212 12
213 93
214 50
215 44
216 217
218 20
219 196
220 221
222 12
223 169
224 20
225 18
226 227
228 18
229 12
230 231
232 18
233 18
234 235
236 18
237 50
238 68
239 240
241 85
242 18
243 18
244 12
245 179
246 10
247 46
248 12
249 250
251 250
252 253
254 255
111 256
257 221
258 18
259 10
9 12
260 50
261 18
54 192
262 221
263 18
264 10
265 66
266 72
267 12
268 8
270 271
272 18
273 16
274 18
275 217
276 217
277 72
278 279
280 16
281 20
282 89
283 12
284 40
285 286
287 10
288 12
289 72
290 12
39 179
291 10
292 100
293 294
295 18
174 296
297 40
298 299
120 50
300 12
301 66
302 18
303 12
304 50
305 306
307 72
308 12
309 250
120 50
310 311
312 313
24 313
314 18
315 18
316 31
317 27
318 29
319 20
114 12
320 50
321 40
322 12
323 18
324 83
325 10
326 327
328 196
115 10
329 64
330 331
332 279
333 16
334 72
335 279
336 18
337 20
338 54
339 18
340 341
342 72
343 40
344 129
345 72
346 18
347 29
348 18
349 133
350 83
326 351
126 352
353 72
301 18
301 18
354 72
355 50
356 20
357 50
358 18
359 10
360 331
155 361
362 18
69 20
363 44
364 66
365 12
366 50
367 368
369 250
370 271
371 100
372 18
373 12
374 14
375 18
376 377
378 18
379 227
380 12
381 16
382 383
350 83
384 89
133 134
385 12
386 89
387 16
388 389
390 158
391 221
392 393
394 72
395 107
396 211
397 311
398 133
399 16
400 20
401 192
402 18
271 38
403 18
404 405
406 18
407 50
289 50
408 16
409 18
410 72
411 16
412 413
414 20
415 66
416 16
417 383
309 131
418 419
420 46
421 89
422 166
423 377
424 18
425 107
426 72
427 12
410 16
428 217
429 66
430 166
431 4
432 60
335 433
171 172
434 107
435 66
436 10
274 66
437 12
438 10
439 196
440 66
441 18
442 18
275 217
249 85
130 131
443 444
445 12
446 447
448 89
449 20
450 451
452 100
453 221
454 10
455 16
282 221
456 93
457 107
458 10
407 16
459 20
460 44
461 462
463 192
464 18
465 66
64 33
344 466
467 68
468 360
206 405
469 129
470 471
472 18
131 85
473 474
475 166
476 1
441 18
477 20
478 479
301 66
480 18
481 377
316 169
140 16
482 20
483 33
484 33
485 50
486 18
98 27
487 488
489 158
66 18
490 18
491 16
492 20
360 330
493 33
494 16
205 50
495 50
190 18
496 33
79 497
498 499
500 50
501 217
502 16
503 377
504 377
505 72
506 27
164 46
425 405
507 36
508 509
510 510
511 16
512 18
513 4
514 515
516 517
518 50
519 10
520 521
231 522
263 18
523 524
274 18
525 192
526 109
527 528
529 96
530 50
531 532
533 534
535 18
205 72
200 18
409 18
536 311
537 520
538 539
540 20
91 20
320 72
138 541
542 18
543 68
544 221
545 66
546 50
185 96
547 20
548 549
3 550
551 525
552 553
554 20
369 131
125 10
555 18
6 7
556 166
557 217
558 16
559 72
560 202
561 221
286 562
