0 1
3 4
6 7
9 10
3 12
14 15
17 18
20 21
0 23
25 26
28 29
31 32
34 35
37 38
40 41
6 43
45 46
37 48
37 50
3 52
0 54
25 26
6 57
37 59
14 61
3 63
45 65
0 67
3 69
45 70
45 72
6 7
6 57
76 77
31 79
14 81
34 83
9 22
86 87
3 89
91 92
40 94
9 96
98 99
101 102
14 104
76 77
107 108
34 35
17 111
34 113
115 116
45 118
120 121
14 123
34 124
45 126
6 128
9 130
34 132
37 134
9 15
31 137
34 139
34 83
14 142
34 144
146 147
37 149
98 151
20 153
25 26
115 156
9 158
3 160
25 26
34 157
91 92
31 165
37 149
91 92
31 165
9 170
91 172
28 174
14 176
34 178
45 118
40 181
9 130
3 89
9 185
9 187
25 189
34 191
3 193
115 116
34 178
45 197
34 124
37 198
37 200
37 202
25 203
40 205
207 208
14 210
45 212
45 214
14 81
34 216
25 189
34 191
91 172
3 220
91 92
6 128
31 137
37 202
107 123
91 226
14 15
0 229
25 26
40 137
17 233
40 94
14 236
9 237
107 123
17 240
25 26
34 191
3 244
0 1
76 246
14 248
0 67
3 69
91 226
76 246
34 254
14 256
76 77
120 259
9 170
262 263
34 265
31 165
34 268
9 270
262 272
6 23
3 275
120 276
91 172
91 239
40 280
14 256
76 246
14 284
91 239
37 50
9 10
17 111
31 32
17 111
17 18
40 205
6 293
34 268
37 295
40 280
34 268
45 298
14 81
45 301
14 303
31 305
45 307
309 310
91 239
313 314
45 72
17 233
14 303
86 87
40 94
28 321
6 293
37 324
14 61
17 18
3 327
34 329
3 193
14 81
40 233
0 67
9 187
37 149
34 139
0 54
31 79
14 43
20 153
0 1
91 92
3 275
17 240
34 342
6 57
34 113
107 345
9 170
348 349
0 351
31 305
3 63
120 355
20 21
40 280
37 149
9 237
91 226
120 276
14 363
14 15
14 104
3 220
6 293
9 369
91 371
91 371
37 202
91 226
9 270
14 210
45 307
3 244
115 116
45 380
28 29
107 123
9 22
120 385
45 387
0 67
28 390
25 203
6 393
45 118
6 23
9 15
3 244
40 15
45 399
31 32
40 137
14 61
14 123
9 61
45 46
31 407
9 409
17 111
34 412
17 111
98 99
3 415
86 87
0 23
0 419
91 172
309 422
45 424
40 137
34 265
3 428
6 430
76 77
107 432
31 137
45 424
6 233
91 239
17 111
262 157
45 65
262 157
76 246
0 441
3 69
6 393
34 265
9 270
31 305
9 447
14 123
40 280
9 187
146 452
31 407
3 455
25 457
45 72
31 407
40 142
3 461
120 276
3 244
14 123
34 124
107 464
45 72
76 246
0 419
40 469
9 447
37 50
91 92
34 139
262 263
31 407
86 87
9 477
14 176
120 276
14 81
3 455
14 303
91 92
3 4
14 485
0 487
3 89
3 220
31 305
6 492
14 123
120 355
34 35
107 432
14 81
91 172
34 500
28 502
34 83
25 203
6 492
37 200
40 205
37 38
34 500
14 176
14 43
3 63
37 48
6 492
40 469
34 329
40 516
14 123
45 517
40 519
6 520
107 432
45 523
3 12
91 239
120 121
91 92
146 147
6 233
207 208
101 531
37 200
37 295
45 535
20 153
37 538
45 523
45 65
6 430
28 502
3 428
34 254
34 268
14 256
34 216
101 102
31 79
3 428
6 492
91 92
31 137
45 214
37 149
0 54
14 485
6 492
6 293
91 371
120 557
91 172
14 248
91 92
120 385
146 452
9 562
14 43
3 63
28 29
3 327
101 102
146 568
9 130
14 571
37 50
262 272
14 104
40 142
262 272
14 303
120 355
6 23
3 12
0 1
14 248
45 387
37 538
28 390
45 197
25 203
348 349
91 239
45 212
348 349
45 46
146 568
115 116
34 500
40 593
309 310
37 134
31 137
40 137
25 203
17 240
40 41
313 601
40 205
34 604
14 485
28 29
91 239
146 147
34 412
45 298
120 355
45 70
86 87
98 99
146 568
45 65
6 233
45 617
91 371
3 63
9 10
91 92
45 387
3 193
28 29
34 35
0 54
0 351
34 124
3 244
3 12
34 342
0 487
31 137
34 132
0 67
146 147
6 293
0 229
45 214
9 562
91 239
262 272
120 121
40 233
3 12
3 455
34 83
0 351
45 70
14 485
