0 1
3 4
6 7
9 10
12 13
15 16
18 19
21 22
24 25
27 28
30 31
33 34
36 37
39 40
42 43
45 46
48 49
51 52
54 55
57 58
60 61
63 64
66 67
45 69
70 41
72 73
75 76
78 44
80 81
83 84
27 85
86 87
88 89
91 92
93 94
96 73
97 98
100 29
101 52
103 104
106 68
12 14
108 109
111 112
114 115
117 118
119 14
120 26
121 122
124 125
127 128
130 131
132 40
134 135
136 137
139 140
142 143
145 146
117 148
150 151
101 153
39 90
155 126
157 7
75 159
161 68
163 164
166 167
169 156
170 65
96 46
172 173
175 176
178 49
179 180
182 183
185 186
188 40
189 95
191 141
192 193
195 196
163 198
200 90
202 203
204 160
205 206
86 208
36 173
209 208
45 211
213 214
216 135
217 218
220 221
222 223
225 226
227 228
230 79
231 232
234 235
237 238
240 165
242 243
244 68
245 246
204 40
248 158
189 250
80 81
252 77
253 254
255 256
235 258
260 261
263 264
209 265
266 267
268 125
269 270
121 206
273 274
276 277
60 278
279 280
255 257
283 79
157 284
286 287
289 168
184 291
293 164
295 277
297 85
298 299
301 232
302 303
305 160
306 307
308 309
117 311
312 243
313 8
306 314
185 186
315 316
317 318
18 274
320 321
322 323
325 326
328 329
330 331
333 334
336 41
337 338
339 340
342 343
345 177
145 346
348 349
351 352
109 353
354 355
357 358
360 361
357 358
184 362
364 90
365 128
367 368
370 371
220 90
308 374
375 376
377 378
380 243
364 40
382 10
383 44
139 385
72 73
386 387
42 285
83 84
112 389
286 391
392 393
394 384
395 396
398 73
399 160
400 401
403 355
395 405
230 316
406 407
401 408
178 410
411 412
414 28
416 417
170 171
380 420
421 422
255 423
31 425
427 428
429 309
431 432
380 177
434 435
437 438
440 441
253 69
403 354
15 232
444 28
445 446
448 449
414 68
230 135
452 453
57 454
127 456
91 296
458 459
460 294
462 118
463 94
6 464
466 467
48 296
468 469
470 310
472 274
473 474
475 238
119 476
477 478
480 481
483 356
485 68
486 487
488 449
490 491
492 110
78 43
0 147
495 496
348 498
500 232
502 109
503 504
57 505
506 507
231 102
510 397
512 81
513 92
514 85
515 516
517 518
519 310
521 522
383 443
524 525
242 526
528 529
530 531
57 505
534 79
535 165
209 537
452 538
252 201
483 356
178 410
540 338
252 41
399 201
166 62
73 542
255 544
545 419
306 547
367 201
548 549
550 102
551 552
554 160
555 556
557 68
558 151
78 384
472 87
195 264
209 87
325 117
172 379
560 561
60 62
416 246
30 371
483 484
565 126
217 396
567 79
205 568
468 570
237 572
169 104
189 573
574 575
111 131
88 89
477 578
579 265
580 581
582 26
24 384
73 186
513 583
584 259
586 587
460 589
506 507
485 68
101 153
555 226
592 40
195 577
593 428
308 374
595 596
363 256
597 23
599 40
556 600
584 601
602 603
66 67
599 71
569 606
607 248
609 346
611 135
475 77
468 612
150 299
101 613
614 384
475 77
615 275
592 90
616 10
617 210
551 618
183 255
620 344
622 537
31 624
83 626
231 352
627 628
486 629
322 323
57 631
632 633
421 68
279 635
637 159
184 128
330 638
31 624
244 605
639 640
114 642
444 8
643 644
325 326
337 646
647 296
473 648
448 561
650 651
652 653
655 274
656 657
192 194
658 659
57 533
662 224
377 626
276 410
227 596
36 663
31 664
665 666
667 613
632 633
477 282
670 35
671 71
643 672
458 352
673 674
333 676
678 439
679 680
248 681
485 29
204 10
551 552
473 683
685 686
328 418
687 372
495 689
690 691
692 97
308 374
517 518
602 194
695 379
204 90
696 168
697 265
698 699
431 224
558 352
701 570
54 56
703 379
403 704
706 148
209 318
707 40
639 708
710 711
302 62
651 712
713 714
652 16
617 537
716 717
673 718
719 720
721 722
103 723
724 725
639 708
726 727
616 159
445 729
731 20
312 177
616 40
593 224
51 53
345 526
732 226
39 201
273 275
670 174
472 265
670 174
445 197
124 177
403 355
132 77
734 735
584 174
364 201
297 8
185 187
690 210
737 738
739 740
266 741
602 465
72 397
742 549
517 744
745 128
746 316
348 167
124 747
145 346
503 749
63 750
692 97
184 256
752 570
189 95
753 82
637 201
754 40
136 138
485 68
121 381
651 259
695 84
185 14
755 756
54 757
382 238
759 760
762 338
701 763
519 520
136 765
573 496
488 560
322 741
766 598
767 85
595 459
6 769
348 167
770 177
599 40
155 717
57 59
771 140
637 201
460 165
222 392
773 774
491 424
776 376
777 778
779 41
755 780
127 259
611 79
0 494
782 40
783 397
276 82
462 784
560 561
127 738
785 729
365 786
184 362
787 196
157 410
789 8
737 561
293 165
184 362
790 165
111 559
792 793
795 606
18 274
611 384
614 384
797 653
121 798
696 800
801 221
301 353
127 456
248 803
804 711
678 417
647 296
188 41
805 10
119 646
184 423
367 806
220 369
163 808
510 74
477 267
809 254
245 82
811 376
812 806
513 49
813 373
245 247
782 160
580 679
592 41
815 197
816 338
818 274
819 704
120 44
819 459
820 158
809 610
345 821
697 20
106 29
779 77
322 581
716 125
315 79
823 824
217 396
656 826
828 173
530 37
75 41
231 829
831 40
519 764
614 316
724 832
833 26
401 834
836 71
348 166
837 19
746 44
345 125
117 748
567 79
838 839
841 41
460 165
701 763
70 238
515 842
31 738
166 64
647 296
477 843
421 844
325 20
550 520
755 781
550 624
330 750
833 135
191 631
848 566
225 79
328 352
414 410
773 849
70 201
30 32
170 546
850 77
237 355
852 82
816 254
614 135
96 397
124 125
853 854
510 413
856 744
766 197
440 41
698 283
858 384
315 135
831 77
255 259
762 254
859 860
831 10
163 270
782 159
595 704
861 763
448 529
863 864
866 43
719 867
383 135
782 77
83 38
808 589
91 296
175 177
871 872
191 874
244 415
620 344
746 316
876 877
377 84
330 847
878 311
815 264
651 669
78 79
662 344
880 810
882 657
514 822
836 153
746 25
100 29
884 384
524 727
885 608
569 886
528 379
597 888
837 889
51 261
891 892
205 207
710 311
893 741
710 628
706 148
466 895
615 20
63 896
231 830
897 629
150 352
752 82
437 373
252 160
871 778
535 294
514 67
770 565
169 717
901 529
902 156
548 549
884 25
421 903
427 10
462 235
902 905
891 371
175 888
907 619
75 201
460 294
850 10
273 319
909 910
240 267
911 912
466 165
18 210
771 385
419 913
818 208
342 343
667 102
902 914
72 46
752 125
818 265
555 25
555 316
15 116
357 915
916 193
3 917
477 479
687 654
656 496
24 285
403 459
920 921
370 371
150 300
922 584
120 44
597 422
923 197
3 750
96 47
252 77
157 284
326 346
179 925
354 926
289 927
45 928
240 267
848 507
795 930
437 397
931 932
933 934
121 122
213 937
0 2
615 537
535 808
557 85
490 941
852 50
942 52
774 224
502 353
863 451
871 872
866 26
707 41
931 309
599 159
710 736
556 444
804 943
584 128
616 160
945 865
901 663
856 549
866 226
72 46
595 947
298 232
452 539
394 79
949 162
878 950
548 203
658 660
30 32
438 373
130 264
400 854
315 135
831 41
848 566
550 624
734 952
726 443
953 744
859 864
120 384
36 174
550 594
831 201
0 694
776 77
609 396
202 407
615 274
893 412
805 955
667 613
315 79
266 258
163 536
777 778
260 956
853 957
440 90
755 780
767 959
54 960
30 138
263 390
885 775
117 58
593 373
48 92
9 760
109 299
766 962
216 384
884 79
109 232
86 275
838 207
403 704
963 44
753 296
721 430
667 102
70 160
891 966
78 135
169 747
773 224
622 967
933 715
790 791
395 405
86 274
783 411
792 971
394 285
949 28
170 64
972 79
333 335
179 883
701 763
225 79
512 973
687 17
157 284
639 547
976 977
679 657
157 29
438 980
560 190
200 10
558 981
365 786
907 982
923 559
586 587
616 238
242 176
792 983
782 41
530 984
383 79
816 186
986 987
650 989
726 727
597 22
244 67
776 77
48 410
576 174
679 657
909 990
398 212
452 991
992 300
876 212
993 529
995 583
996 318
109 300
460 344
746 25
582 384
33 661
145 358
119 338
774 393
320 999
607 46
1000 684
97 1001
111 629
1002 428
66 415
584 1003
220 90
63 750
463 1004
858 316
229 1005
1006 94
260 1007
1008 226
1009 254
584 585
1010 384
21 168
667 102
779 201
491 672
363 255
205 207
1012 128
42 79
488 94
202 743
545 1013
468 570
400 1014
1015 109
923 390
1016 177
458 1017
365 786
1018 436
673 817
808 536
440 624
477 843
599 201
510 20
995 82
200 201
745 529
617 274
260 1007
782 90
614 135
235 259
713 714
452 1019
1000 744
706 1020
808 294
586 1021
992 768
475 159
573 250
586 23
502 352
73 1022
141 723
492 110
411 511
576 628
273 537
155 717
268 125
795 606
406 16
222 520
852 50
742 407
266 741
480 1024
755 958
557 822
739 176
521 973
269 538
330 896
540 610
551 1
762 338
21 272
234 1025
884 79
491 1026
1027 730
1028 116
445 446
512 973
132 160
929 505
916 548
698 283
762 14
1031 651
191 723
440 90
745 423
573 1032
871 464
216 384
399 41
302 750
191 1033
790 165
545 913
949 67
783 1035
797 1036
1038 176
1002 1039
866 1040
200 40
260 956
858 43
185 14
679 1042
949 822
279 823
812 496
838 1044
716 125
662 393
445 446
24 135
773 662
179 613
667 1045
902 905
336 41
398 158
852 296
685 685
884 285
573 969
273 318
399 77
399 201
364 41
528 38
734 174
719 443
213 1047
670 531
403 442
815 962
293 536
466 224
1048 135
216 135
48 277
1012 538
401 1049
266 904
364 41
848 1051
554 554
923 196
351 110
392 624
328 352
1053 362
222 849
595 768
83 626
111 112
945 600
401 835
593 393
382 159
667 591
266 1054
1018 1055
953 743
1000 1056
770 565
833 384
637 41
949 28
859 1057
567 135
132 77
462 271
182 255
136 371
437 77
477 843
363 255
861 469
375 376
0 2
787 1029
308 1058
189 250
710 711
819 404
360 1061
399 41
1062 384
322 1046
295 50
394 1040
242 747
650 989
191 874
179 925
315 285
51 215
679 190
1006 449
836 180
192 203
103 900
337 476
42 1040
777 778
66 28
637 201
1028 973
1053 128
268 125
884 135
777 465
91 296
1069 49
414 451
445 570
746 26
491 672
696 800
551 619
647 50
963 25
383 226
850 40
400 854
933 410
252 238
792 822
734 575
286 1071
678 247
658 1072
696 800
3 64
466 1073
703 84
942 1074
427 1076
595 458
1077 1078
567 384
231 102
502 352
260 309
119 187
963 226
179 883
1079 849
1009 476
579 274
414 675
1012 270
670 733
155 747
745 255
213 1047
861 772
891 941
818 318
953 407
1081 610
313 8
445 1082
614 135
1083 264
1010 135
665 758
512 1084
298 151
662 344
394 26
141 140
678 296
861 763
437 728
134 25
611 43
755 1086
739 508
21 527
558 109
1087 90
782 238
611 79
480 1088
852 82
1038 717
557 29
109 493
306 307
687 287
808 869
245 246
1028 15
328 709
463 323
931 1090
155 156
109 102
866 79
592 201
220 373
876 261
584 84
517 518
703 378
268 125
828 379
1091 405
866 135
142 128
325 494
1062 25
703 379
240 165
823 228
719 1093
460 344
1094 19
515 1085
622 148
281 354
475 77
42 384
779 77
679 271
1027 447
297 28
673 494
513 82
901 174
452 846
1000 203
483 356
357 1097
445 730
815 962
785 729
695 174
121 936
759 563
312 420
434 235
797 1101
698 699
1103 285
1104 40
617 265
109 151
848 507
695 626
12 14
230 443
792 1105
189 251
1008 197
166 64
419 64
31 664
229 1107
767 249
863 865
1110 669
117 118
724 1111
169 177
755 660
337 107
884 384
949 85
63 638
78 384
283 1113
782 159
1114 1115
429 581
717 104
237 355
184 128
488 784
1081 186
175 176
293 165
480 94
209 208
1087 40
678 410
326 254
178 417
885 686
724 832
73 610
771 772
470 1117
139 723
795 1118
217 396
411 413
51 215
893 412
1028 17
1009 187
45 147
1083 197
923 112
178 247
503 329
175 1122
833 226
836 624
301 955
399 201
724 881
1123 1124
1018 436
673 718
1091 1126
942 1127
558 110
83 379
790 165
80 973
850 238
1129 577
665 702
302 750
1130 443
486 598
240 165
217 218
394 285
986 171
281 921
39 41
286 1132
1079 520
790 164
132 41
120 135
1018 1055
242 176
752 272
1002 1134
1083 263
673 543
1077 396
132 41
774 1135
462 258
395 347
838 839
1136 444
573 784
244 67
91 50
301 493
500 830
1137 1138
342 507
244 85
595 947
724 881
448 450
253 442
609 542
1038 177
339 1140
923 113
337 338
1010 316
289 1141
217 396
582 26
333 598
569 1143
184 423
315 384
178 417
297 605
853 1144
773 1135
716 747
54 1145
771 140
302 918
244 67
325 327
510 20
472 274
524 642
555 983
183 363
445 730
112 264
754 201
328 352
716 126
18 275
1146 906
993 529
1069 296
66 1147
658 1072
785 598
706 148
662 373
579 275
620 441
188 201
392 774
382 160
797 619
73 107
237 572
838 1150
1094 20
884 384
856 549
540 610
785 962
759 760
545 1151
96 397
297 67
444 605
1081 147
811 1152
745 128
202 193
599 41
519 694
779 160
1028 116
1094 1154
819 459
45 46
767 822
770 177
1062 226
21 272
403 355
815 962
458 309
1031 915
627 575
325 494
746 384
39 41
491 1026
755 1086
739 566
557 28
592 41
885 424
301 493
108 300
279 281
308 374
1136 92
513 92
995 82
283 1113
348 60
88 190
72 46
1157 819
1146 1159
996 274
339 1160
797 618
779 41
297 1147
